[gd_scene load_steps=11 format=3 uid="uid://bqesll55j75wo"]

[ext_resource type="Script" uid="uid://dhw75wjvxagp" path="res://scenes/game.gd" id="1_yqjtg"]
[ext_resource type="Texture2D" uid="uid://ck4etnvxs0mqe" path="res://assets/polyhaven/empty_play_room_1k.hdr" id="2_lnu2h"]
[ext_resource type="PackedScene" uid="uid://cfb8ths1ap7vp" path="res://scenes/platform.tscn" id="2_yqjtg"]

[sub_resource type="PanoramaSkyMaterial" id="PanoramaSkyMaterial_lbhrr"]
panorama = ExtResource("2_lnu2h")
energy_multiplier = 0.75

[sub_resource type="Sky" id="Sky_iywne"]
sky_material = SubResource("PanoramaSkyMaterial_lbhrr")

[sub_resource type="Environment" id="Environment_p57ef"]
background_mode = 2
sky = SubResource("Sky_iywne")
sky_rotation = Vector3(0, 3.9793508, 0)
ssao_enabled = true
ssao_radius = 0.12

[sub_resource type="PhysicsMaterial" id="PhysicsMaterial_yqjtg"]
friction = 0.75
bounce = 0.2

[sub_resource type="SphereMesh" id="SphereMesh_lnu2h"]
radius = 0.05
height = 0.1

[sub_resource type="StandardMaterial3D" id="StandardMaterial3D_yqjtg"]
albedo_color = Color(0.83889705, 0.83889705, 0.8388969, 1)
metallic = 1.0
roughness = 0.3

[sub_resource type="SphereShape3D" id="SphereShape3D_lbhrr"]
radius = 0.05

[node name="Game" type="Node3D"]
script = ExtResource("1_yqjtg")

[node name="WorldEnvironment" type="WorldEnvironment" parent="."]
environment = SubResource("Environment_p57ef")

[node name="Ball" type="RigidBody3D" parent="."]
transform = Transform3D(1, 0, 0, 0, 1, 0, 0, 0, 1, 0.8125161, 1.4271826, -0.20236914)
physics_material_override = SubResource("PhysicsMaterial_yqjtg")

[node name="MeshInstance3D" type="MeshInstance3D" parent="Ball"]
mesh = SubResource("SphereMesh_lnu2h")
surface_material_override/0 = SubResource("StandardMaterial3D_yqjtg")

[node name="CollisionShape3D" type="CollisionShape3D" parent="Ball"]
shape = SubResource("SphereShape3D_lbhrr")

[node name="Camera3D" type="Camera3D" parent="."]
transform = Transform3D(1, 0, 0, 0, 0.18642116, 0.9824699, 0, -0.9824699, 0.18642116, 0, 2.1267524, 0.4695722)
fov = 53.0

[node name="Platform" parent="." instance=ExtResource("2_yqjtg")]

[node name="SpotLight3D" type="SpotLight3D" parent="."]
transform = Transform3D(1, 0, 0, 0, -0.8312562, 0.5558894, 0, -0.5558894, -0.8312562, 0, 3.0595329, -4.5615892)
visible = false
light_energy = 1.234
shadow_enabled = true
shadow_bias = 0.005
spot_range = 12.109
spot_angle = 34.76

[node name="DirectionalLight3D" type="DirectionalLight3D" parent="."]
transform = Transform3D(1, 0, 0, 0, -0.7013324, 0.7128344, 0, -0.7128344, -0.7013324, 0, 0, 0)
light_energy = 0.481
shadow_enabled = true
shadow_normal_bias = 3.0
shadow_blur = 0.0
directional_shadow_mode = 0
directional_shadow_fade_start = 0.95
directional_shadow_max_distance = 3.0
